# oST version 5.0 parameters


[image]

width
320

height
240

[narrow_stereo]

camera matrix
249.504465 0.000000 150.231864
0.000000 248.883407 124.028871
0.000000 0.000000 1.000000

distortion
0.150148 -0.266848 0.010839 -0.021014 0.000000

rectification
1.000000 0.000000 0.000000
0.000000 1.000000 0.000000
0.000000 0.000000 1.000000

projection
251.563492 0.000000 142.607854 0.000000
0.000000 257.295990 126.378438 0.000000
0.000000 0.000000 1.000000 0.000000
