image_width: 320
image_height: 240
camera_name: narrow_stereo
camera_matrix:
  rows: 3
  cols: 3
  data: [ 249.50447,    0.     ,  150.23186,
            0.     ,  248.88341,  124.02887,
            0.     ,    0.     ,    1.     ]
camera_model: plumb_bob
distortion_coefficients:
  rows: 1
  cols: 5
  data: [0.150148, -0.266848, 0.010839, -0.021014, 0.000000]
rectification_matrix:
  rows: 3
  cols: 3
  data: [ 1.,  0.,  0.,
          0.,  1.,  0.,
          0.,  0.,  1.]
projection_matrix:
  rows: 3
  cols: 4
  data: [ 251.56349,    0.     ,  142.60785,    0.     ,
            0.     ,  257.29599,  126.37844,    0.     ,
            0.     ,    0.     ,    1.     ,    0.     ]
